SR_44100:1.0025447759512720,-1.9989092734791367,0.9963696913437531,1.9989092734791367,-0.9989144672950251,1.0010613488784306,-1.9955247414065291,0.9945081343339660,1.9955247414065291,-0.9955694832123966,0.9614706991657007,-1.8114766041377230,0.8511100802085234,1.8114766041377230,-0.8125807793742242,0.9966154774050807,-1.9606553342697557,0.9653042677541310,1.9606553342697557,-0.9619197451592116,0.9630102813525653,-1.7343114834278550,0.8282121816859314,1.7343114834278550,-0.7912224630384966,0.9427351852342437,-1.5844950979229162,0.7639473957266558,1.5844950979229162,-0.7066825809608995,0.9262753121119049,-1.4909065938000523,0.7909132451773740,1.4909065938000523,-0.7171885572892792,0.9397224944291849,-1.3309832687958629,0.8213417078664748,1.3309832687958629,-0.7610642022956596,4.9882924075551944,-0.2413927023451553,-3.3230024074870310,0.2413927023451553,-0.6652900000681630,1.0552049862599713,0.5410635046138349,0.7143461732551507,-0.5410635046138349,-0.7695511595151220
SR_48000:1.0023381159853617,-1.9989982385543548,0.9966645068707423,1.9989982385543548,-0.9990026228561039,1.0009752897664252,-1.9958909567067238,0.9949534403893799,1.9958909567067238,-0.9959287301558050,0.9643303398519805,-1.8255518107599160,0.8621606745144960,1.8255518107599160,-0.8264910143664764,0.9968856594541511,-1.9638906796889046,0.9680739830594042,1.9638906796889046,-0.9649596425135554,0.9657272724434881,-1.7580675275979958,0.8408304439748980,1.7580675275979958,-0.8065577164183860,0.9467606633470387,-1.6227197113800298,0.7805409112362677,1.6227197113800298,-0.7273015745833065,0.9314854282120905,-1.5432660835628655,0.8056893846069560,1.5432660835628655,-0.7371748128190464,0.9440819291872401,-1.4092954279623768,0.8342627662474769,1.4092954279623768,-0.7783446954347171,4.6697615941571931,-0.4370717323434865,-2.9777394898108267,0.4370717323434865,-0.6920221043463666,1.0511539750809547,0.2808499167772258,0.7353078095831238,-0.2808499167772258,-0.7864617846640783
